vertex id,originalDegree,color,orderColored
0,32,32,35
1,32,0,0
2,32,0,0
3,32,2,65
4,32,3,64
5,32,4,63
6,32,5,62
7,32,6,61
8,32,7,60
9,32,8,59
10,32,9,58
11,32,10,57
12,32,11,56
13,32,12,55
14,32,13,54
15,32,14,53
16,32,15,52
17,32,16,51
18,32,17,50
19,32,18,49
20,32,19,48
21,32,20,47
22,32,21,46
23,32,22,45
24,32,23,44
25,32,24,43
26,32,25,42
27,32,26,41
28,32,27,40
29,32,28,39
30,32,29,38
31,32,30,37
32,32,31,36

