vertex id,originalDegree,color,orderColored
0,50,50,0
1,50,34,16
2,50,0,50
3,50,18,32
4,50,10,40
5,50,48,2
6,50,45,5
7,50,42,8
8,50,8,42
9,50,27,23
10,50,43,7
11,50,39,11
12,50,32,18
13,50,16,34
14,50,3,47
15,50,41,9
16,50,33,17
17,50,2,48
18,50,23,27
19,50,29,21
20,50,21,29
21,50,5,45
22,50,7,43
23,50,26,24
24,50,35,15
25,50,44,6
26,50,28,22
27,50,37,13
28,50,15,35
29,50,14,36
30,50,22,28
31,50,38,12
32,50,12,38
33,50,11,39
34,50,49,1
35,50,30,20
36,50,17,33
37,50,9,41
38,50,13,37
39,50,4,46
40,50,6,44
41,50,24,26
42,50,47,3
43,50,20,30
44,50,36,14
45,50,40,10
46,50,19,31
47,50,31,19
48,50,25,25
49,50,1,49
50,50,46,4

